model:
  dropout: 0.12499695948117798
  emb_dim: 12
  hidden_dim: 39
  n_heads: 4
  num_layers: 1
training:
  batch_size: 33
  gradient_clip_val: 0.3607504286276195
  lr: 1.1890865109879746e-05
  weight_decay: 4.754497726832693e-05
