======================================================================
  DATASET: bitcoin-alpha
======================================================================

[1] Graph Structure
    Nodes: 3,783   Edges: 24,186
    Fraction positive: 0.936
    Mean out-degree:   6.39   Max: 490
    Mean in-degree:    6.39   Max: 398

[2] AUC by Walk Length  (test split, edge-level walk probs)
     len         n      AUC     conf
    ----  --------  -------  -------
       1       485   0.9284   0.4808
       2     3,432   0.9539   0.4768
       3     3,182   0.9208   0.4700
       4     5,151   0.9255   0.4755
       5     5,443   0.9251   0.4719
       6     6,734   0.9211   0.4729
       7     7,612   0.9047   0.4755
       8     8,419   0.9183   0.4753
       9     8,886   0.9063   0.4729
      10     9,671   0.9128   0.4739
      11    10,536   0.8995   0.4742
      12    10,707   0.9049   0.4743
      13    11,723   0.9175   0.4745
      14    12,496   0.9157   0.4742
      15    12,828   0.9023   0.4757
      16    13,229   0.9111   0.4735
      17    13,649   0.9107   0.4749
      18    14,035   0.9070   0.4751
      19    14,513   0.9069   0.4741
      20    14,827   0.9058   0.4739
      21    15,292   0.9013   0.4735
      22    15,597   0.9090   0.4743
      23    15,898   0.9029   0.4743
      24    15,898   0.9035   0.4751
      25    16,508   0.9072   0.4744
      26    16,372   0.9078   0.4747
      27    16,851   0.8928   0.4742
      28    17,564   0.9136   0.4743
      29    17,063   0.9021   0.4744
      30    17,382   0.8937   0.4742
      31    17,764   0.9009   0.4736
      32    17,288   0.9044   0.4735
      33    17,833   0.9049   0.4736
      34    17,710   0.9051   0.4755
      35    18,239   0.8986   0.4735
      36    18,292   0.8917   0.4745
      37    18,251   0.9069   0.4756
      38    18,312   0.8985   0.4751
      39    18,209   0.8852   0.4744
      40    17,559   0.8957   0.4761
      41    18,304   0.9058   0.4752
      42    18,070   0.8927   0.4763
      43    17,813   0.9007   0.4753
      44    18,027   0.8968   0.4749
      45    18,270   0.8872   0.4761
      46    18,216   0.8877   0.4758
      47    17,532   0.8992   0.4768
      48    17,670   0.9081   0.4753
      49    17,579   0.8984   0.4761
      50    17,734   0.8900   0.4750
      51    18,026   0.8967   0.4770
      52    17,613   0.9009   0.4754
      53    17,791   0.8968   0.4752
      54    16,949   0.9007   0.4766
      55    17,128   0.9061   0.4763
      56    16,729   0.8977   0.4756
      57    17,052   0.8969   0.4762
      58    17,165   0.8956   0.4763
      59    16,696   0.9042   0.4757
      60    16,496   0.9073   0.4770
      61    16,029   0.9024   0.4752
      62    16,093   0.8855   0.4775
      63    16,337   0.9066   0.4765
      64    15,891   0.9002   0.4767
      65    16,107   0.9023   0.4757
      66    15,637   0.8925   0.4766
      67    15,487   0.8863   0.4763
      68    14,856   0.8951   0.4757
      69    14,828   0.8927   0.4757
      70    15,472   0.8887   0.4759
      71    15,014   0.8783   0.4772
      72    14,632   0.8933   0.4759
      73    14,484   0.8966   0.4767
      74    13,806   0.8960   0.4758
      75    13,901   0.8997   0.4765
      76    13,538   0.8993   0.4760
      77    14,313   0.9036   0.4756
      78    13,901   0.8959   0.4764
      79    13,766   0.9006   0.4772
      80   583,158   0.8944   0.4778

[3] Walk Diversity  (unique edges / walk_length per walk)
    Overall: mean=0.1182  std=0.0820
    (1.0 = no edge revisited; <1 = cycling)
     len   n_walks   mean_div    std_div
    ----  --------  ---------  ---------
       1       485     1.0000     0.0000
       2     3,272     0.5244     0.1078
       3     2,874     0.3691     0.1057
       4     4,395     0.2913     0.1002
       5     4,422     0.2430     0.0933
       6     5,211     0.2121     0.0870
       7     5,535     0.1927     0.0862
       8     5,861     0.1763     0.0807
       9     5,961     0.1626     0.0779
      10     6,205     0.1523     0.0737
      11     6,461     0.1452     0.0727
      12     6,327     0.1382     0.0693
      13     6,631     0.1332     0.0684
      14     6,825     0.1278     0.0657
      15     6,678     0.1247     0.0652
      16     6,696     0.1207     0.0622
      17     6,549     0.1199     0.0636
      18     6,654     0.1144     0.0598
      19     6,564     0.1138     0.0600
      20     6,596     0.1100     0.0583
      21     6,431     0.1107     0.0593
      22     6,376     0.1085     0.0573
      23     6,284     0.1075     0.0563
      24     6,151     0.1053     0.0545
      25     6,150     0.1049     0.0536
      26     5,909     0.1041     0.0530
      27     5,871     0.1037     0.0540
      28     6,004     0.1021     0.0517
      29     5,605     0.1026     0.0517
      30     5,549     0.1021     0.0509
      31     5,542     0.1010     0.0502
      32     5,283     0.0999     0.0486
      33     5,285     0.0997     0.0491
      34     5,121     0.0995     0.0488
      35     5,079     0.0998     0.0487
      36     5,008     0.0986     0.0469
      37     4,867     0.0987     0.0463
      38     4,777     0.0985     0.0466
      39     4,584     0.0992     0.0463
      40     4,362     0.0980     0.0464
      41     4,421     0.0985     0.0455
      42     4,320     0.0973     0.0438
      43     4,223     0.0958     0.0432
      44     4,075     0.0980     0.0428
      45     4,103     0.0963     0.0437
      46     3,931     0.0985     0.0432
      47     3,776     0.0965     0.0422
      48     3,666     0.0980     0.0418
      49     3,606     0.0968     0.0419
      50     3,559     0.0970     0.0414
      51     3,533     0.0974     0.0417
      52     3,401     0.0970     0.0405
      53     3,399     0.0964     0.0405
      54     3,182     0.0963     0.0405
      55     3,121     0.0970     0.0392
      56     3,032     0.0959     0.0391
      57     3,037     0.0962     0.0393
      58     2,967     0.0969     0.0387
      59     2,867     0.0962     0.0374
      60     2,796     0.0955     0.0376
      61     2,664     0.0960     0.0376
      62     2,629     0.0963     0.0368
      63     2,590     0.0976     0.0372
      64     2,546     0.0951     0.0374
      65     2,504     0.0963     0.0372
      66     2,389     0.0964     0.0363
      67     2,332     0.0964     0.0369
      68     2,195     0.0971     0.0356
      69     2,213     0.0942     0.0352
      70     2,267     0.0948     0.0355
      71     2,125     0.0967     0.0352
      72     2,080     0.0949     0.0337
      73     2,009     0.0963     0.0344
      74     1,912     0.0949     0.0340
      75     1,900     0.0949     0.0335
      76     1,835     0.0946     0.0341
      77     1,878     0.0960     0.0325
      78     1,810     0.0956     0.0325
      79     1,744     0.0971     0.0345
      80    71,614     0.0933     0.0344

[4] Position Signal  (AUC vs context around target edge)
    dist_from_start (how many steps precede the target edge):
      ds         n      AUC
       0    51,160   0.8441
       1    48,366   0.8997
       2    47,818   0.8918
       3    45,873   0.8970
       4    44,994   0.8966
       5    43,098   0.8936
       6    42,604   0.8919
       7    41,136   0.8985
       8    40,476   0.9074
       9    39,294   0.9051
      10    38,075   0.9006
      11    37,186   0.8909
    dist_from_end (how many steps follow the target edge):
      de         n      AUC
       0    43,695   0.9065
       1    52,948   0.8941
       2    47,931   0.9076
       3    46,217   0.8902
       4    45,735   0.9061
       5    44,039   0.8929
       6    42,638   0.9065
       7    41,417   0.8907
       8    40,321   0.8914
       9    39,377   0.8979
      10    38,143   0.8913
      11    37,395   0.8971

[5] k-hop Sign Correlation Decay  C(k) = E[sign_anchor * sign_at_step_k]
    null_indep = mean_sign^2  (marginal independence)
    null_deg   = (1 / mean_out_deg)^k
    null_spec  = |lambda_2|^k
    mean_out_deg = 7.36   mean_sign = 0.8730   null_indep = 0.76210
      k       C(k)  null_indep     excess   null_deg   null_spec
    ---  ---------  ----------  ---------  ---------  ----------
      1    0.79126     0.76210    0.02916    0.13586     1.00000
      2    0.80023     0.76210    0.03813    0.01846     1.00000
      3    0.79619     0.76210    0.03409    0.00251     1.00000
      4    0.79639     0.76210    0.03429    0.00034     1.00000
      5    0.80067     0.76210    0.03857    0.00005     1.00000
      6    0.80188     0.76210    0.03978    0.00001     1.00000
      7    0.79942     0.76210    0.03732    0.00000     1.00000
      8    0.80225     0.76210    0.04014    0.00000     1.00000

[6] Spectral Gap
    |lambda_1| = 1.00000  (should be ~1)
    |lambda_2| / |lambda_1| = 1.00000
    ⚠ Graph not strongly connected (540 SCCs, 5 WCCs) — |lambda_2|≈1, mixing time meaningless
    Mixing time = ∞  (use |lambda_2|<1 only for strongly-connected directed graphs)
    Nodes used for spectral: 3783

[7] Triangle Balance  (balance theory)
    Triangles checked:  22,153
    Fraction balanced:  0.8650
    Random baseline:    0.7879
    Balance lift:       +0.0771  (above random)

======================================================================
  DATASET: bitcoin-otc
======================================================================

[1] Graph Structure
    Nodes: 5,881   Edges: 35,592
    Fraction positive: 0.900
    Mean out-degree:   6.05   Max: 763
    Mean in-degree:    6.05   Max: 535

[2] AUC by Walk Length  (test split, edge-level walk probs)
     len         n      AUC     conf
    ----  --------  -------  -------
       1     1,431   0.7521   0.4177
       2     5,524   0.9246   0.4521
       3     4,990   0.8997   0.4524
       4     7,761   0.9320   0.4506
       5     7,757   0.9066   0.4523
       6     9,560   0.9213   0.4562
       7    10,360   0.9109   0.4559
       8    11,634   0.9062   0.4544
       9    12,337   0.9139   0.4544
      10    13,070   0.9035   0.4559
      11    13,434   0.9077   0.4541
      12    14,355   0.9200   0.4546
      13    14,832   0.9200   0.4564
      14    15,381   0.9199   0.4560
      15    15,802   0.9176   0.4563
      16    16,260   0.9252   0.4558
      17    16,809   0.9133   0.4538
      18    17,043   0.9193   0.4561
      19    17,318   0.9204   0.4566
      20    17,350   0.9245   0.4554
      21    17,420   0.9218   0.4566
      22    17,912   0.9167   0.4568
      23    17,566   0.9219   0.4568
      24    18,338   0.9180   0.4544
      25    18,061   0.9206   0.4558
      26    17,913   0.9199   0.4564
      27    17,847   0.9185   0.4560
      28    18,378   0.9164   0.4583
      29    17,979   0.9220   0.4567
      30    18,139   0.9192   0.4563
      31    17,480   0.9154   0.4574
      32    17,921   0.9277   0.4573
      33    17,443   0.9214   0.4562
      34    17,884   0.9249   0.4567
      35    17,399   0.9296   0.4574
      36    17,363   0.9197   0.4582
      37    17,337   0.9120   0.4585
      38    16,982   0.9169   0.4567
      39    16,448   0.9122   0.4567
      40    16,258   0.9169   0.4577
      41    16,239   0.9132   0.4590
      42    15,625   0.9162   0.4575
      43    15,971   0.9239   0.4587
      44    15,638   0.9143   0.4584
      45    15,689   0.9257   0.4570
      46    14,890   0.9200   0.4569
      47    14,935   0.9119   0.4575
      48    15,128   0.9183   0.4575
      49    14,551   0.9215   0.4582
      50    14,474   0.9251   0.4585
      51    14,352   0.9150   0.4564
      52    13,624   0.9180   0.4567
      53    13,411   0.9176   0.4558
      54    13,040   0.9143   0.4570
      55    12,878   0.9195   0.4567
      56    12,947   0.9281   0.4565
      57    12,626   0.9276   0.4576
      58    12,393   0.9248   0.4567
      59    11,794   0.9309   0.4576
      60    11,135   0.9200   0.4558
      61    11,525   0.9124   0.4563
      62    11,148   0.9163   0.4575
      63    10,816   0.9227   0.4566
      64    10,734   0.9179   0.4569
      65    10,665   0.9098   0.4572
      66    10,425   0.9271   0.4557
      67    10,462   0.9026   0.4580
      68     9,072   0.9374   0.4585
      69     9,469   0.9104   0.4586
      70     9,348   0.9212   0.4578
      71     9,184   0.9343   0.4564
      72     9,187   0.9199   0.4569
      73     8,450   0.9253   0.4570
      74     8,497   0.9347   0.4580
      75     8,499   0.9115   0.4576
      76     7,997   0.9198   0.4566
      77     8,252   0.9267   0.4593
      78     7,694   0.9326   0.4565
      79     7,409   0.9243   0.4585
      80   270,243   0.9383   0.4625

[3] Walk Diversity  (unique edges / walk_length per walk)
    Overall: mean=0.1316  std=0.1055
    (1.0 = no edge revisited; <1 = cycling)
     len   n_walks   mean_div    std_div
    ----  --------  ---------  ---------
       1     1,431     1.0000     0.0000
       2     5,281     0.5230     0.1048
       3     4,460     0.3729     0.1119
       4     6,547     0.2931     0.1033
       5     6,226     0.2463     0.0956
       6     7,235     0.2169     0.0930
       7     7,494     0.1939     0.0863
       8     8,007     0.1779     0.0831
       9     8,080     0.1656     0.0791
      10     8,257     0.1550     0.0764
      11     8,187     0.1458     0.0729
      12     8,292     0.1409     0.0715
      13     8,272     0.1348     0.0695
      14     8,274     0.1300     0.0675
      15     8,176     0.1259     0.0661
      16     8,077     0.1228     0.0640
      17     7,990     0.1209     0.0626
      18     7,854     0.1173     0.0607
      19     7,663     0.1159     0.0615
      20     7,449     0.1139     0.0600
      21     7,220     0.1117     0.0581
      22     7,147     0.1110     0.0578
      23     6,813     0.1092     0.0560
      24     6,841     0.1084     0.0558
      25     6,542     0.1074     0.0548
      26     6,289     0.1064     0.0545
      27     6,102     0.1055     0.0536
      28     6,099     0.1045     0.0528
      29     5,824     0.1036     0.0526
      30     5,654     0.1037     0.0525
      31     5,363     0.1020     0.0504
      32     5,199     0.1045     0.0508
      33     5,023     0.1022     0.0483
      34     5,008     0.1018     0.0492
      35     4,749     0.1017     0.0486
      36     4,587     0.1020     0.0476
      37     4,502     0.1006     0.0479
      38     4,292     0.1008     0.0476
      39     4,087     0.1000     0.0454
      40     3,934     0.1000     0.0462
      41     3,839     0.0998     0.0463
      42     3,586     0.1004     0.0466
      43     3,612     0.0994     0.0447
      44     3,452     0.0997     0.0451
      45     3,364     0.1001     0.0447
      46     3,199     0.0979     0.0437
      47     3,102     0.0992     0.0428
      48     3,068     0.0995     0.0433
      49     2,882     0.0997     0.0425
      50     2,845     0.0988     0.0421
      51     2,731     0.0997     0.0410
      52     2,583     0.0977     0.0402
      53     2,461     0.0988     0.0395
      54     2,341     0.0998     0.0412
      55     2,313     0.0977     0.0409
      56     2,300     0.0976     0.0403
      57     2,180     0.0984     0.0397
      58     2,100     0.0982     0.0390
      59     1,984     0.0972     0.0384
      60     1,828     0.0978     0.0382
      61     1,857     0.0986     0.0378
      62     1,773     0.0976     0.0373
      63     1,677     0.0986     0.0371
      64     1,653     0.0977     0.0375
      65     1,607     0.0983     0.0368
      66     1,564     0.0975     0.0359
      67     1,511     0.0994     0.0358
      68     1,331     0.0970     0.0359
      69     1,348     0.0980     0.0349
      70     1,312     0.0982     0.0364
      71     1,269     0.0981     0.0370
      72     1,264     0.0970     0.0360
      73     1,143     0.0971     0.0357
      74     1,117     0.0992     0.0355
      75     1,111     0.0984     0.0349
      76     1,024     0.0988     0.0351
      77     1,054     0.0970     0.0341
      78       971     0.0978     0.0341
      79       920     0.0969     0.0334
      80    38,674     0.0776     0.0414

[4] Position Signal  (AUC vs context around target edge)
    dist_from_start (how many steps precede the target edge):
      ds         n      AUC
       0    51,569   0.8897
       1    48,605   0.9070
       2    46,704   0.9222
       3    45,164   0.9236
       4    43,528   0.9270
       5    41,395   0.9215
       6    40,320   0.9247
       7    38,582   0.9209
       8    37,092   0.9198
       9    36,005   0.9233
      10    34,623   0.9155
      11    33,008   0.9191
    dist_from_end (how many steps follow the target edge):
      de         n      AUC
       0    54,913   0.8924
       1    50,929   0.9330
       2    46,665   0.9057
       3    45,023   0.9339
       4    42,012   0.8753
       5    41,236   0.9293
       6    39,166   0.8954
       7    37,821   0.9185
       8    36,418   0.9049
       9    34,773   0.9129
      10    33,304   0.9192
      11    32,436   0.9244

[5] k-hop Sign Correlation Decay  C(k) = E[sign_anchor * sign_at_step_k]
    null_indep = mean_sign^2  (marginal independence)
    null_deg   = (1 / mean_out_deg)^k
    null_spec  = |lambda_2|^k
    mean_out_deg = 7.39   mean_sign = 0.7998   null_indep = 0.63966
      k       C(k)  null_indep     excess   null_deg   null_spec
    ---  ---------  ----------  ---------  ---------  ----------
      1    0.74048     0.63966    0.10082    0.13526     1.00000
      2    0.73464     0.63966    0.09498    0.01829     1.00000
      3    0.71711     0.63966    0.07745    0.00247     1.00000
      4    0.70917     0.63966    0.06951    0.00033     1.00000
      5    0.70826     0.63966    0.06860    0.00005     1.00000
      6    0.70474     0.63966    0.06508    0.00001     1.00000
      7    0.70262     0.63966    0.06296    0.00000     1.00000
      8    0.70970     0.63966    0.07004    0.00000     1.00000

[6] Spectral Gap
    |lambda_1| = 1.00000  (should be ~1)
    |lambda_2| / |lambda_1| = 1.00000
    ⚠ Graph not strongly connected (1144 SCCs, 4 WCCs) — |lambda_2|≈1, mixing time meaningless
    Mixing time = ∞  (use |lambda_2|<1 only for strongly-connected directed graphs)
    Nodes used for spectral: 5881

[7] Triangle Balance  (balance theory)
    Triangles checked:  33,493
    Fraction balanced:  0.8927
    Random baseline:    0.6933
    Balance lift:       +0.1994  (above random)

======================================================================
  DATASET: epinions
======================================================================

[1] Graph Structure
    Nodes: 131,828   Edges: 841,372
    Fraction positive: 0.853
    Mean out-degree:   6.38   Max: 2070
    Mean in-degree:    6.38   Max: 3478

[2] AUC by Walk Length  (test split, edge-level walk probs)
     len         n      AUC     conf
    ----  --------  -------  -------
       1     6,999   0.6174   0.3823
       2     7,346   0.8660   0.4074
       3     9,053   0.8923   0.4161
       4    11,029   0.9090   0.4123
       5    12,394   0.9149   0.4127
       6    13,548   0.9127   0.4115
       7    14,786   0.9235   0.4118
       8    15,584   0.9209   0.4123
       9    15,780   0.9254   0.4105
      10    16,067   0.9212   0.4103
      11    16,061   0.9302   0.4107
      12    16,338   0.9277   0.4086
      13    16,222   0.9291   0.4074
      14    16,320   0.9314   0.4067
      15    16,314   0.9280   0.4066
      16    15,746   0.9283   0.4062
      17    15,581   0.9262   0.4060
      18    15,232   0.9353   0.4076
      19    14,293   0.9338   0.4035
      20    14,061   0.9321   0.4054
      21    13,726   0.9322   0.4045
      22    13,456   0.9336   0.4056
      23    13,046   0.9321   0.4024
      24    12,417   0.9291   0.4000
      25    11,811   0.9258   0.4012
      26    10,964   0.9377   0.4009
      27    10,767   0.9306   0.4053
      28    10,567   0.9273   0.3999
      29     9,943   0.9345   0.3997
      30     9,300   0.9244   0.4013
      31     9,047   0.9392   0.3982
      32     8,525   0.9295   0.3989
      33     8,198   0.9311   0.3999
      34     7,629   0.9393   0.4017
      35     7,364   0.9333   0.4006
      36     6,736   0.9343   0.4007
      37     6,561   0.9288   0.3999
      38     6,076   0.9437   0.3979
      39     5,869   0.9328   0.3995
      40     5,382   0.9341   0.3987
      41     5,545   0.9280   0.3974
      42     5,130   0.9193   0.3956
      43     4,624   0.9304   0.3948
      44     4,487   0.9191   0.3876
      45     4,248   0.9326   0.3958
      46     4,222   0.9308   0.3971
      47     3,683   0.9255   0.3958
      48     3,533   0.9395   0.3942
      49     3,057   0.9251   0.3940
      50     3,092   0.9113   0.3926
      51     2,884   0.9168   0.3908
      52     2,874   0.9209   0.3861
      53     2,561   0.9314   0.3973
      54     2,564   0.9399   0.3924
      55     2,365   0.9340   0.3920
      56     2,233   0.9287   0.3861
      57     2,145   0.9397   0.3860
      58     1,786   0.9366   0.4007
      59     1,843   0.9374   0.3895
      60     1,723   0.9187   0.3849
      61     1,704   0.9349   0.3918
      62     1,401   0.9287   0.3844
      63     1,470   0.9334   0.3870
      64     1,246   0.9391   0.3816
      65     1,204   0.9464   0.3928
      66     1,326   0.9222   0.3879
      67     1,075   0.9344   0.3874
      68       942   0.9215   0.3804
      69     1,064   0.9147   0.3825
      70       949   0.9115   0.3731
      71       957   0.9104   0.3775
      72       710   0.9201   0.3736
      73       792   0.9440   0.3829
      74       686   0.9284   0.3754
      75       604   0.9062   0.3782
      76       595   0.9255   0.3721
      77       692   0.8975   0.3778
      78       433   0.8793   0.3650
      79       438   0.9054   0.3635
      80   149,017   0.9245   0.4771

[3] Walk Diversity  (unique edges / walk_length per walk)
    Overall: mean=0.1772  std=0.1758
    (1.0 = no edge revisited; <1 = cycling)
     len   n_walks   mean_div    std_div
    ----  --------  ---------  ---------
       1     6,999     1.0000     0.0000
       2     6,990     0.5255     0.1099
       3     8,183     0.3688     0.1059
       4     9,444     0.2908     0.1009
       5    10,111     0.2435     0.0917
       6    10,541     0.2122     0.0871
       7    10,962     0.1909     0.0837
       8    10,940     0.1760     0.0803
       9    10,737     0.1611     0.0754
      10    10,375     0.1525     0.0738
      11    10,003     0.1438     0.0716
      12     9,701     0.1381     0.0697
      13     9,227     0.1330     0.0688
      14     8,941     0.1284     0.0654
      15     8,517     0.1253     0.0648
      16     7,954     0.1219     0.0639
      17     7,617     0.1182     0.0625
      18     7,105     0.1167     0.0617
      19     6,487     0.1139     0.0599
      20     6,194     0.1114     0.0591
      21     5,830     0.1098     0.0581
      22     5,433     0.1102     0.0584
      23     5,108     0.1087     0.0565
      24     4,746     0.1067     0.0553
      25     4,418     0.1048     0.0549
      26     3,965     0.1038     0.0538
      27     3,805     0.1021     0.0522
      28     3,535     0.1040     0.0533
      29     3,212     0.1037     0.0515
      30     2,961     0.1019     0.0513
      31     2,825     0.1012     0.0508
      32     2,600     0.0996     0.0488
      33     2,403     0.1009     0.0495
      34     2,190     0.0999     0.0504
      35     2,047     0.0994     0.0483
      36     1,824     0.1000     0.0481
      37     1,798     0.0964     0.0463
      38     1,576     0.0987     0.0476
      39     1,466     0.0998     0.0471
      40     1,325     0.0992     0.0477
      41     1,339     0.0980     0.0471
      42     1,221     0.0971     0.0462
      43     1,069     0.0966     0.0439
      44     1,017     0.0971     0.0451
      45       926     0.0990     0.0436
      46       913     0.0971     0.0426
      47       781     0.0971     0.0435
      48       722     0.0986     0.0429
      49       625     0.0964     0.0409
      50       624     0.0954     0.0430
      51       565     0.0970     0.0422
      52       558     0.0949     0.0412
      53       488     0.0944     0.0400
      54       474     0.0962     0.0398
      55       437     0.0955     0.0400
      56       398     0.0966     0.0405
      57       374     0.0985     0.0387
      58       307     0.0956     0.0370
      59       300     0.0998     0.0411
      60       281     0.0985     0.0395
      61       278     0.0948     0.0400
      62       239     0.0906     0.0383
      63       230     0.0946     0.0375
      64       196     0.0958     0.0402
      65       181     0.0977     0.0357
      66       191     0.0993     0.0392
      67       151     0.0973     0.0370
      68       132     0.1004     0.0330
      69       153     0.0954     0.0340
      70       141     0.0929     0.0409
      71       139     0.0929     0.0357
      72        97     0.0952     0.0340
      73       108     0.0965     0.0343
      74        94     0.0932     0.0324
      75        93     0.0817     0.0311
      76        80     0.0938     0.0364
      77        90     0.0941     0.0328
      78        60     0.0908     0.0345
      79        54     0.0987     0.0419
      80    10,252     0.0283     0.0260

[4] Position Signal  (AUC vs context around target edge)
    dist_from_start (how many steps precede the target edge):
      ds         n      AUC
       0    49,400   0.6742
       1    42,737   0.8945
       2    38,757   0.9325
       3    36,256   0.9356
       4    32,970   0.9429
       5    30,531   0.9396
       6    28,254   0.9462
       7    26,182   0.9411
       8    24,226   0.9454
       9    22,393   0.9476
      10    20,710   0.9442
      11    19,538   0.9422
    dist_from_end (how many steps follow the target edge):
      de         n      AUC
       0    50,126   0.9096
       1    42,524   0.9001
       2    38,097   0.9196
       3    35,491   0.9176
       4    33,077   0.9162
       5    30,166   0.9180
       6    28,102   0.9212
       7    25,814   0.9217
       8    24,136   0.9183
       9    22,186   0.9219
      10    20,766   0.9183
      11    19,228   0.9256

[5] k-hop Sign Correlation Decay  C(k) = E[sign_anchor * sign_at_step_k]
    null_indep = mean_sign^2  (marginal independence)
    null_deg   = (1 / mean_out_deg)^k
    null_spec  = |lambda_2|^k
    mean_out_deg = 8.83   mean_sign = 0.7059   null_indep = 0.49836
      k       C(k)  null_indep     excess   null_deg   null_spec
    ---  ---------  ----------  ---------  ---------  ----------
      1    0.42770     0.49836   -0.07066    0.11329     1.00000
      2    0.49761     0.49836   -0.00075    0.01283     1.00000
      3    0.48319     0.49836   -0.01516    0.00145     1.00000
      4    0.48929     0.49836   -0.00907    0.00016     1.00000
      5    0.49469     0.49836   -0.00366    0.00002     1.00000
      6    0.48863     0.49836   -0.00972    0.00000     1.00000
      7    0.47684     0.49836   -0.02152    0.00000     1.00000
      8    0.48841     0.49836   -0.00995    0.00000     1.00000

[6] Spectral Gap
    |lambda_1| = 1.00000  (should be ~1)
    |lambda_2| / |lambda_1| = 1.00000
    ⚠ Graph not strongly connected (88609 SCCs, 5816 WCCs) — |lambda_2|≈1, mixing time meaningless
    Mixing time = ∞  (use |lambda_2|<1 only for strongly-connected directed graphs)
    Nodes used for spectral: 131828

[7] Triangle Balance  (balance theory)
    Triangles checked:  200,000
    Fraction balanced:  0.8896
    Random baseline:    0.6442
    Balance lift:       +0.2454  (above random)

======================================================================
  DATASET: wiki-elec
======================================================================

[1] Graph Structure
    Nodes: 7,118   Edges: 103,747
    Fraction positive: 0.784
    Mean out-degree:   14.58   Max: 893
    Mean in-degree:    14.58   Max: 457

[2] AUC by Walk Length  (test split, edge-level walk probs)
     len         n      AUC     conf
    ----  --------  -------  -------
       1    15,776   0.7908   0.3462
       2    18,849   0.8423   0.3715
       3    20,529   0.8643   0.3934
       4    19,688   0.8532   0.3916
       5    17,317   0.8653   0.3943
       6    14,911   0.8669   0.3951
       7    12,483   0.8744   0.3952
       8    10,182   0.8710   0.3956
       9     8,008   0.8756   0.3973
      10     6,317   0.8768   0.3957
      11     5,001   0.8642   0.3931
      12     3,803   0.8600   0.3913
      13     3,022   0.8791   0.3925
      14     2,330   0.8646   0.3924
      15     1,769   0.8546   0.3908
      16     1,263   0.8944   0.3880
      17     1,058   0.8586   0.3810
      18       781   0.8744   0.3911
      19       555   0.8674   0.3813
      20       472   0.8712   0.3817
      21       352   0.8557   0.3841
      22       241   0.8893   0.3662
      23       176   0.9135   0.3769
      24       142   0.8086   0.3435
      25        99   0.9304   0.3832
      26        67   0.8348   0.3792
      27        37   0.8611   0.3363
      28        51   0.7778   0.3329
      29        21   0.8875   0.3857
      30        18   0.7500   0.3175
      31         6   1.0000   0.3702
      32         7   0.0000   0.4309
      33         9   1.0000   0.4430
      34         4   1.0000   0.3070
      35        13   0.5333   0.2057

[3] Walk Diversity  (unique edges / walk_length per walk)
    Overall: mean=0.3697  std=0.2741
    (1.0 = no edge revisited; <1 = cycling)
     len   n_walks   mean_div    std_div
    ----  --------  ---------  ---------
       1    15,776     1.0000     0.0000
       2    18,025     0.5229     0.1044
       3    18,613     0.3676     0.1050
       4    16,891     0.2913     0.1013
       5    14,132     0.2446     0.0944
       6    11,577     0.2128     0.0874
       7     9,266     0.1900     0.0833
       8     7,213     0.1725     0.0781
       9     5,375     0.1621     0.0771
      10     4,037     0.1529     0.0744
      11     3,015     0.1454     0.0724
      12     2,205     0.1391     0.0697
      13     1,668     0.1354     0.0697
      14     1,229     0.1301     0.0664
      15       891     0.1278     0.0667
      16       622     0.1208     0.0628
      17       494     0.1186     0.0614
      18       360     0.1168     0.0644
      19       244     0.1154     0.0618
      20       186     0.1169     0.0658
      21       150     0.1083     0.0560
      22        91     0.1104     0.0625
      23        63     0.1166     0.0558
      24        50     0.1100     0.0660
      25        32     0.1150     0.0606
      26        19     0.1174     0.0491
      27        13     0.1054     0.0541
      28        13     0.1401     0.0707
      29         6     0.1207     0.0862
      30         5     0.0933     0.0442
      31         2     0.0806     0.0484
      32         3     0.0729     0.0390
      33         3     0.0909     0.0655
      34         1     0.1176     0.0000
      35         3     0.0571     0.0404
      37         1     0.0811     0.0000

[4] Position Signal  (AUC vs context around target edge)
    dist_from_start (how many steps precede the target edge):
      ds         n      AUC
       0    49,202   0.7902
       1    33,797   0.8744
       2    23,827   0.8903
       3    16,669   0.8827
       4    12,066   0.8973
       5     8,682   0.8872
       6     6,095   0.8922
       7     4,380   0.8911
       8     2,989   0.9034
       9     2,186   0.8801
      10     1,598   0.8999
      11     1,107   0.8773
    dist_from_end (how many steps follow the target edge):
      de         n      AUC
       0    45,900   0.8613
       1    35,258   0.8513
       2    24,679   0.8455
       3    17,652   0.8489
       4    12,064   0.8522
       5     8,683   0.8484
       6     6,185   0.8555
       7     4,410   0.8386
       8     3,036   0.8431
       9     2,140   0.8485
      10     1,546   0.8392
      11     1,078   0.8179

[5] k-hop Sign Correlation Decay  C(k) = E[sign_anchor * sign_at_step_k]
    null_indep = mean_sign^2  (marginal independence)
    null_deg   = (1 / mean_out_deg)^k
    null_spec  = |lambda_2|^k
    mean_out_deg = 16.93   mean_sign = 0.5688   null_indep = 0.32351
      k       C(k)  null_indep     excess   null_deg   null_spec
    ---  ---------  ----------  ---------  ---------  ----------
      1    0.39898     0.32351    0.07547    0.05908     1.00000
      2    0.39587     0.32351    0.07236    0.00349     1.00000
      3    0.39572     0.32351    0.07221    0.00021     1.00000
      4    0.40252     0.32351    0.07901    0.00001     1.00000
      5    0.38522     0.32351    0.06171    0.00000     1.00000
      6    0.38752     0.32351    0.06401    0.00000     1.00000
      7    0.37648     0.32351    0.05297    0.00000     1.00000
      8    0.39505     0.32351    0.07154    0.00000     1.00000

[6] Spectral Gap
    |lambda_1| = 1.00000  (should be ~1)
    |lambda_2| / |lambda_1| = 1.00000
    ⚠ Graph not strongly connected (5819 SCCs, 27 WCCs) — |lambda_2|≈1, mixing time meaningless
    Mixing time = ∞  (use |lambda_2|<1 only for strongly-connected directed graphs)
    Nodes used for spectral: 7118

[7] Triangle Balance  (balance theory)
    Triangles checked:  200,000
    Fraction balanced:  0.7633
    Random baseline:    0.5882
    Balance lift:       +0.1751  (above random)

======================================================================
  DATASET: wiki-rfa
======================================================================

[1] Graph Structure
    Nodes: 11,256   Edges: 177,291
    Fraction positive: 0.784
    Mean out-degree:   15.75   Max: 1063
    Mean in-degree:    15.75   Max: 684

[2] AUC by Walk Length  (test split, edge-level walk probs)
     len         n      AUC     conf
    ----  --------  -------  -------
       1     5,298   0.7532   0.3710
       2    10,165   0.8433   0.3828
       3    13,365   0.8361   0.3762
       4    15,945   0.8396   0.3769
       5    17,258   0.8404   0.3813
       6    18,192   0.8391   0.3789
       7    18,737   0.8373   0.3781
       8    18,905   0.8486   0.3788
       9    18,470   0.8403   0.3814
      10    18,102   0.8305   0.3792
      11    17,552   0.8393   0.3784
      12    16,940   0.8502   0.3811
      13    16,523   0.8465   0.3814
      14    15,691   0.8404   0.3799
      15    14,835   0.8488   0.3809
      16    14,019   0.8386   0.3793
      17    13,020   0.8399   0.3775
      18    12,350   0.8413   0.3788
      19    11,612   0.8329   0.3782
      20    10,777   0.8406   0.3801
      21    10,337   0.8479   0.3808
      22     9,241   0.8362   0.3775
      23     8,555   0.8373   0.3780
      24     7,913   0.8438   0.3768
      25     7,228   0.8499   0.3748
      26     6,880   0.8491   0.3753
      27     6,350   0.8448   0.3758
      28     5,732   0.8425   0.3736
      29     5,247   0.8541   0.3776
      30     4,896   0.8484   0.3749
      31     4,382   0.8432   0.3795
      32     4,124   0.8456   0.3755
      33     3,698   0.8638   0.3749
      34     3,310   0.8454   0.3750
      35     2,977   0.8171   0.3773
      36     2,726   0.8427   0.3709
      37     2,610   0.8340   0.3784
      38     2,267   0.8444   0.3794
      39     2,141   0.8470   0.3755
      40     1,923   0.8474   0.3729
      41     1,811   0.8549   0.3735
      42     1,618   0.8577   0.3761
      43     1,330   0.8500   0.3728
      44     1,283   0.8408   0.3710
      45     1,249   0.8446   0.3702
      46     1,053   0.8567   0.3687
      47       908   0.8401   0.3783
      48       862   0.8295   0.3699
      49       754   0.8500   0.3664
      50       705   0.8613   0.3667
      51       653   0.8047   0.3645
      52       552   0.8197   0.3743
      53       607   0.8295   0.3692
      54       513   0.8253   0.3729
      55       513   0.8511   0.3759
      56       420   0.8168   0.3702
      57       348   0.8938   0.3650
      58       327   0.8351   0.3686
      59       350   0.8687   0.3769
      60       202   0.8362   0.3659
      61       284   0.8607   0.3816
      62       269   0.8870   0.3621
      63       206   0.8663   0.3664
      64       153   0.9117   0.3620
      65       110   0.8533   0.3640
      66       143   0.8466   0.3497
      67       113   0.8758   0.3639
      68       121   0.8711   0.3412
      69       162   0.7898   0.3711
      70       167   0.8389   0.3474
      71       132   0.8626   0.3642
      72        64   0.8763   0.3499
      73        63   0.8484   0.3852
      74        74   0.8641   0.3875
      75        75   0.8040   0.3623
      76         5   1.0000   0.4170
      77        22   0.7604   0.3597
      78        23   0.9605   0.3704
      79        26   1.0000   0.3972
      80     5,863   0.8087   0.3520

[3] Walk Diversity  (unique edges / walk_length per walk)
    Overall: mean=0.1986  std=0.1724
    (1.0 = no edge revisited; <1 = cycling)
     len   n_walks   mean_div    std_div
    ----  --------  ---------  ---------
       1     5,298     1.0000     0.0000
       2     9,673     0.5254     0.1099
       3    12,154     0.3665     0.1033
       4    13,731     0.2903     0.0990
       5    14,207     0.2429     0.0913
       6    14,241     0.2128     0.0876
       7    14,045     0.1904     0.0828
       8    13,621     0.1732     0.0786
       9    12,753     0.1606     0.0755
      10    12,014     0.1504     0.0721
      11    11,014     0.1444     0.0720
      12    10,305     0.1366     0.0688
      13     9,550     0.1326     0.0674
      14     8,781     0.1270     0.0653
      15     7,952     0.1238     0.0635
      16     7,340     0.1188     0.0616
      17     6,520     0.1168     0.0615
      18     5,935     0.1148     0.0599
      19     5,381     0.1129     0.0599
      20     4,781     0.1120     0.0597
      21     4,422     0.1106     0.0585
      22     3,888     0.1073     0.0560
      23     3,490     0.1057     0.0549
      24     3,150     0.1042     0.0538
      25     2,772     0.1035     0.0534
      26     2,543     0.1033     0.0521
      27     2,266     0.1030     0.0512
      28     1,972     0.1029     0.0511
      29     1,761     0.1020     0.0516
      30     1,578     0.1025     0.0520
      31     1,381     0.1012     0.0500
      32     1,261     0.1015     0.0496
      33     1,132     0.0983     0.0478
      34       978     0.0986     0.0471
      35       862     0.0981     0.0465
      36       773     0.0970     0.0468
      37       741     0.0944     0.0473
      38       600     0.0989     0.0462
      39       555     0.0977     0.0484
      40       489     0.0975     0.0467
      41       442     0.0991     0.0417
      42       401     0.0956     0.0425
      43       316     0.0976     0.0431
      44       293     0.0986     0.0443
      45       280     0.0986     0.0441
      46       233     0.0967     0.0401
      47       209     0.0916     0.0374
      48       187     0.0944     0.0411
      49       168     0.0910     0.0397
      50       143     0.0976     0.0427
      51       133     0.0957     0.0385
      52       112     0.0943     0.0379
      53       123     0.0920     0.0414
      54        94     0.1011     0.0418
      55        90     0.1028     0.0380
      56        75     0.0971     0.0383
      57        68     0.0893     0.0357
      58        58     0.0939     0.0375
      59        59     0.0977     0.0355
      60        33     0.1010     0.0284
      61        46     0.0987     0.0363
      62        40     0.1065     0.0395
      63        33     0.0976     0.0419
      64        24     0.0970     0.0453
      65        19     0.0883     0.0273
      66        24     0.0903     0.0292
      67        19     0.0872     0.0300
      68        18     0.0980     0.0310
      69        24     0.0966     0.0276
      70        25     0.0943     0.0336
      71        17     0.1069     0.0362
      72        10     0.0875     0.0357
      73         9     0.0959     0.0403
      74        10     0.0986     0.0227
      75        11     0.0897     0.0322
      76         1     0.0658     0.0000
      77         3     0.0952     0.0061
      78         4     0.0737     0.0246
      79         3     0.1055     0.0363
      80     3,158     0.0231     0.0173

[4] Position Signal  (AUC vs context around target edge)
    dist_from_start (how many steps precede the target edge):
      ds         n      AUC
       0    50,443   0.7713
       1    43,124   0.8429
       2    38,133   0.8548
       3    33,989   0.8522
       4    29,918   0.8497
       5    26,334   0.8537
       6    23,442   0.8538
       7    20,557   0.8492
       8    18,069   0.8491
       9    15,908   0.8508
      10    14,246   0.8516
      11    12,510   0.8532
    dist_from_end (how many steps follow the target edge):
      de         n      AUC
       0    48,169   0.8667
       1    42,007   0.8214
       2    37,973   0.8215
       3    33,009   0.8362
       4    29,481   0.8317
       5    26,093   0.8307
       6    23,007   0.8327
       7    20,410   0.8334
       8    17,922   0.8294
       9    16,005   0.8388
      10    14,244   0.8405
      11    12,606   0.8280

[5] k-hop Sign Correlation Decay  C(k) = E[sign_anchor * sign_at_step_k]
    null_indep = mean_sign^2  (marginal independence)
    null_deg   = (1 / mean_out_deg)^k
    null_spec  = |lambda_2|^k
    mean_out_deg = 17.24   mean_sign = 0.5682   null_indep = 0.32290
      k       C(k)  null_indep     excess   null_deg   null_spec
    ---  ---------  ----------  ---------  ---------  ----------
      1    0.39130     0.32290    0.06840    0.05800     1.00000
      2    0.38704     0.32290    0.06414    0.00336     1.00000
      3    0.39480     0.32290    0.07190    0.00020     1.00000
      4    0.39251     0.32290    0.06961    0.00001     1.00000
      5    0.39518     0.32290    0.07228    0.00000     1.00000
      6    0.39865     0.32290    0.07574    0.00000     1.00000
      7    0.39672     0.32290    0.07381    0.00000     1.00000
      8    0.39806     0.32290    0.07516    0.00000     1.00000

[6] Spectral Gap
    |lambda_1| = 1.00000  (should be ~1)
    |lambda_2| / |lambda_1| = 1.00000
    ⚠ Graph not strongly connected (8819 SCCs, 1 WCCs) — |lambda_2|≈1, mixing time meaningless
    Mixing time = ∞  (use |lambda_2|<1 only for strongly-connected directed graphs)
    Nodes used for spectral: 11256

[7] Triangle Balance  (balance theory)
    Triangles checked:  200,000
    Fraction balanced:  0.7509
    Random baseline:    0.5882
    Balance lift:       +0.1627  (above random)

======================================================================
  DATASET: slashdot
======================================================================

[1] Graph Structure
    Nodes: 82,140   Edges: 549,202
    Fraction positive: 0.774
    Mean out-degree:   6.69   Max: 428
    Mean in-degree:    6.69   Max: 2543

[2] AUC by Walk Length  (test split, edge-level walk probs)
     len         n      AUC     conf
    ----  --------  -------  -------
       1   156,515   0.8433   0.3985
       2   165,084   0.8603   0.3989
       3   173,302   0.8663   0.3988
       4   168,112   0.8796   0.4002
       5   158,873   0.8841   0.4007
       6   145,191   0.8878   0.4015
       7   130,350   0.8906   0.4008
       8   115,157   0.8939   0.4030
       9   101,156   0.8966   0.4029
      10    88,322   0.8960   0.4032
      11    76,621   0.9005   0.4043
      12    65,430   0.9023   0.4062
      13    55,829   0.9031   0.4062
      14    47,842   0.9037   0.4061
      15    39,487   0.9011   0.4059
      16    33,667   0.9075   0.4056
      17    28,771   0.9056   0.4056
      18    23,603   0.9018   0.4038
      19    20,268   0.9062   0.4060
      20    16,687   0.9052   0.4035
      21    13,837   0.9114   0.4052
      22    11,269   0.9058   0.4062
      23     9,795   0.9089   0.4049
      24     8,184   0.9076   0.4041
      25     7,137   0.8960   0.4026
      26     5,787   0.9116   0.4020
      27     4,878   0.8959   0.4035
      28     4,055   0.9062   0.3998
      29     3,259   0.8987   0.3905
      30     2,542   0.8929   0.4002
      31     2,264   0.8954   0.3928
      32     1,940   0.8805   0.3929
      33     1,620   0.8809   0.3959
      34     1,329   0.8958   0.3905
      35     1,144   0.8876   0.3944
      36     1,066   0.9059   0.4025
      37       866   0.8740   0.3883
      38       740   0.8788   0.3931
      39       516   0.9155   0.3832
      40       558   0.8995   0.3996
      41       440   0.8937   0.3893
      42       379   0.9164   0.4000
      43       295   0.9068   0.3782
      44       328   0.8837   0.4070
      45       236   0.9175   0.3884
      46       189   0.9827   0.4012
      47       227   0.9116   0.4187
      48       138   0.9707   0.4118
      49       134   0.9318   0.4110
      50        90   0.9489   0.4038
      51       167   0.7963   0.4188
      52       131   0.8402   0.3832
      53        80   0.9093   0.3942
      54        72   0.8478   0.3433
      55        54   0.9346   0.3904
      56       111   0.9815   0.4499
      57        80   0.9605   0.3868
      60        15   1.0000   0.4377
      63        14   1.0000   0.4506
      64        50   0.8958   0.4043
      67        21   0.8684   0.3621
      73         4   1.0000   0.3912
      80  1,018,951   0.8487   0.4923

[3] Walk Diversity  (unique edges / walk_length per walk)
    Overall: mean=0.3280  std=0.2774
    (1.0 = no edge revisited; <1 = cycling)
     len   n_walks   mean_div    std_div
    ----  --------  ---------  ---------
       1   156,515     1.0000     0.0000
       2   157,317     0.5247     0.1083
       3   156,886     0.3682     0.1062
       4   144,287     0.2885     0.0970
       5   129,051     0.2425     0.0915
       6   111,980     0.2111     0.0862
       7    95,758     0.1891     0.0814
       8    80,880     0.1721     0.0777
       9    67,991     0.1593     0.0746
      10    56,686     0.1496     0.0723
      11    47,191     0.1410     0.0700
      12    38,638     0.1347     0.0678
      13    31,670     0.1290     0.0658
      14    25,720     0.1253     0.0647
      15    20,832     0.1200     0.0628
      16    16,967     0.1167     0.0613
      17    13,888     0.1135     0.0598
      18    11,038     0.1107     0.0586
      19     9,130     0.1093     0.0577
      20     7,276     0.1071     0.0577
      21     5,894     0.1036     0.0549
      22     4,639     0.1003     0.0538
      23     3,827     0.1011     0.0550
      24     3,087     0.0994     0.0525
      25     2,587     0.0987     0.0534
      26     2,056     0.0963     0.0510
      27     1,724     0.0929     0.0491
      28     1,362     0.0907     0.0496
      29     1,080     0.0924     0.0501
      30       842     0.0883     0.0478
      31       689     0.0911     0.0489
      32       575     0.0878     0.0489
      33       491     0.0833     0.0501
      34       371     0.0852     0.0435
      35       327     0.0786     0.0445
      36       258     0.0871     0.0489
      37       228     0.0806     0.0467
      38       177     0.0772     0.0422
      39       135     0.0691     0.0388
      40       128     0.0738     0.0467
      41       103     0.0762     0.0445
      42        99     0.0611     0.0383
      43        64     0.0680     0.0451
      44        69     0.0603     0.0379
      45        51     0.0662     0.0437
      46        37     0.0570     0.0405
      47        43     0.0544     0.0338
      48        32     0.0482     0.0377
      49        28     0.0532     0.0305
      50        20     0.0460     0.0375
      51        30     0.0477     0.0298
      52        20     0.0740     0.0618
      53        17     0.0555     0.0407
      54        13     0.0598     0.0520
      55        11     0.0512     0.0308
      56        14     0.0370     0.0274
      57        11     0.0574     0.0396
      58        12     0.0445     0.0238
      59         7     0.0339     0.0157
      60         5     0.0367     0.0163
      61         4     0.0287     0.0136
      62         8     0.0444     0.0340
      63         5     0.0254     0.0127
      64         9     0.0434     0.0395
      65         3     0.0308     0.0126
      66         2     0.0303     0.0152
      67         5     0.0418     0.0174
      68         3     0.0392     0.0183
      69         6     0.0362     0.0201
      70         4     0.0321     0.0118
      71         2     0.0141     0.0000
      72         2     0.0278     0.0139
      73         2     0.0274     0.0137
      74         2     0.0135     0.0000
      76         4     0.0197     0.0066
      77         1     0.0390     0.0000
      78         3     0.0256     0.0181
      79         1     0.0127     0.0000
      80    42,032     0.0154     0.0070

[4] Position Signal  (AUC vs context around target edge)
    dist_from_start (how many steps precede the target edge):
      ds         n      AUC
       0   502,440   0.8503
       1   334,791   0.8944
       2   252,447   0.8932
       3   197,174   0.8917
       4   153,926   0.8955
       5   123,041   0.8898
       6    98,586   0.8971
       7    80,516   0.8861
       8    65,884   0.8962
       9    55,144   0.8816
      10    45,930   0.8938
      11    39,058   0.8631
    dist_from_end (how many steps follow the target edge):
      de         n      AUC
       0   500,668   0.8683
       1   330,621   0.8705
       2   254,553   0.8849
       3   196,267   0.8960
       4   154,688   0.8931
       5   123,093   0.9003
       6    99,130   0.8912
       7    80,376   0.9022
       8    66,227   0.8859
       9    54,727   0.9019
      10    46,282   0.8885
      11    38,284   0.9069

[5] k-hop Sign Correlation Decay  C(k) = E[sign_anchor * sign_at_step_k]
    null_indep = mean_sign^2  (marginal independence)
    null_deg   = (1 / mean_out_deg)^k
    null_spec  = |lambda_2|^k
    mean_out_deg = 12.47   mean_sign = 0.5480   null_indep = 0.30026
      k       C(k)  null_indep     excess   null_deg   null_spec
    ---  ---------  ----------  ---------  ---------  ----------
      1    0.38595     0.30026    0.08569    0.08020     1.00000
      2    0.42225     0.30026    0.12199    0.00643     1.00000
      3    0.43251     0.30026    0.13225    0.00052     1.00000
      4    0.42324     0.30026    0.12297    0.00004     1.00000
      5    0.43750     0.30026    0.13724    0.00000     1.00000
      6    0.43567     0.30026    0.13541    0.00000     1.00000
      7    0.43541     0.30026    0.13514    0.00000     1.00000
      8    0.42874     0.30026    0.12848    0.00000     1.00000

[6] Spectral Gap
    |lambda_1| = 1.00000  (should be ~1)
    |lambda_2| / |lambda_1| = 1.00000
    ⚠ Graph not strongly connected (53599 SCCs, 1 WCCs) — |lambda_2|≈1, mixing time meaningless
    Mixing time = ∞  (use |lambda_2|<1 only for strongly-connected directed graphs)
    Nodes used for spectral: 82140

[7] Triangle Balance  (balance theory)
    Triangles checked:  200,000
    Fraction balanced:  0.8632
    Random baseline:    0.5733
    Balance lift:       +0.2899  (above random)


======================================================================
  CROSS-DATASET SUMMARY
======================================================================

AUC by walk length (selected lengths):
          dataset      L=1      L=2      L=4      L=6     L=8+
  ---------------  -------  -------  -------  -------  -------
    bitcoin-alpha   0.9284   0.9539   0.9255   0.9211   0.9003
      bitcoin-otc   0.7521   0.9246   0.9320   0.9213   0.9199
         epinions   0.6174   0.8660   0.9090   0.9127   0.9276
        wiki-elec   0.7908   0.8423   0.8532   0.8669   0.8341
         wiki-rfa   0.7532   0.8433   0.8396   0.8391   0.8503
         slashdot   0.8433   0.8603   0.8796   0.8878   0.9075

Spectral gap and walk diversity:
          dataset   |lam2|    mix_t    w_div   tri_bal   rand_bl
  ---------------  -------  -------  -------  --------  --------
    bitcoin-alpha   1.0000  54250820.86   0.1182    0.8650    0.7879
      bitcoin-otc   1.0000  10362777.26   0.1316    0.8927    0.6933
         epinions   1.0000  1125899906842624.50   0.1772    0.8896    0.6442
        wiki-elec   1.0000  2251799813685248.50   0.3697    0.7633    0.5882
         wiki-rfa   1.0000  28135835.69   0.1986    0.7509    0.5882
         slashdot   1.0000      inf   0.3280    0.8632    0.5733

k-hop sign correlation C(k) vs spectral null |lam2|^k:
          dataset     C(1)     N(1)     C(2)     N(2)     C(4)     N(4)
  ---------------  -------  -------  -------  -------  -------  -------
    bitcoin-alpha  0.79126  1.00000  0.80023  1.00000  0.79639  1.00000
      bitcoin-otc  0.74048  1.00000  0.73464  1.00000  0.70917  1.00000
         epinions  0.42770  1.00000  0.49761  1.00000  0.48929  1.00000
        wiki-elec  0.39898  1.00000  0.39587  1.00000  0.40252  1.00000
         wiki-rfa  0.39130  1.00000  0.38704  1.00000  0.39251  1.00000
         slashdot  0.38595  1.00000  0.42225  1.00000  0.42324  1.00000
